air, virial eos, answer answer should be close to -1.673e-4 m^3/mol
virial   1
 7.E+00
temp  100.000 K
cm^3/MOL kiloBar
    8.31447000000000E+04    9.97849453419954E-05
    7.55860909090909E+04    1.09794485649946E-04
    6.92872500000000E+04    1.19761142453635E-04
    6.39574615384615E+04    1.29641019286551E-04
    5.93890714285714E+04    1.39636694850994E-04
    5.54298000000000E+04    1.49577363814108E-04
    5.19654375000000E+04    1.59407738332552E-04
    4.89086470588235E+04    1.69407622217814E-04
    4.61915000000000E+04    1.79410549872621E-04
    4.37603684210526E+04    1.89249857306026E-04
    4.15723500000000E+04    1.99184968995641E-04
    3.95927142857143E+04    2.09042875825082E-04
    3.77930454545455E+04    2.19012086916038E-04
    3.61498695652174E+04    2.28866782479285E-04
    3.46436250000000E+04    2.38871756633533E-04
    3.32578800000000E+04    2.48624444767626E-04
    3.19787307692308E+04    2.58515265322885E-04
    3.07943333333333E+04    2.68665687876181E-04
    2.96945357142857E+04    2.78424310116396E-04
    2.86705862068966E+04    2.88351719031624E-04
    2.77149000000000E+04    2.98318638704593E-04
    2.68208709677419E+04    3.08117129454695E-04
    2.59827187500000E+04    3.17982350708133E-04
    2.51953636363636E+04    3.27972549957767E-04
    2.44543235294118E+04    3.37753152169065E-04
    2.37556285714286E+04    3.47429366381698E-04
    2.30957500000000E+04    3.57451968812089E-04
    2.24715405405405E+04    3.67224074273130E-04
    2.18801842105263E+04    3.77149571056479E-04
    2.13191538461538E+04    3.87013731730741E-04
    2.07861750000000E+04    3.96869584823464E-04
    2.02791951219512E+04    4.06415549996646E-04
    1.97963571428571E+04    4.16250603880984E-04
    1.93359767441860E+04    4.26179050415830E-04
    1.88965227272727E+04    4.36056741753153E-04
    1.84766000000000E+04    4.46125511448151E-04
    1.80749347826087E+04    4.55874151008610E-04
    1.76903617021277E+04    4.65592191402269E-04
    1.73218125000000E+04    4.75352265320492E-04
    1.69683061224490E+04    4.85323332197711E-04
    1.66289400000000E+04    4.94954307074124E-04
    1.63028823529412E+04    5.04593725765457E-04
    1.59893653846154E+04    5.14317048640952E-04
    1.56876792452830E+04    5.24559596936627E-04
    1.53971666666667E+04    5.34047604819050E-04
    1.51172181818182E+04    5.44079657225950E-04
    1.48472678571429E+04    5.53434482283328E-04
    1.45867894736842E+04    5.63322942124426E-04
    1.43352931034483E+04    5.73206927442362E-04
    1.40923220338983E+04    5.83225970240905E-04
    1.38574500000000E+04    5.92945252098780E-04
    1.36302786885246E+04    6.02525639182402E-04
    1.34104354838710E+04    6.12174377984424E-04
    1.31975714285714E+04    6.21856135543730E-04
    1.29913593750000E+04    6.31598467073748E-04
    1.27914923076923E+04    6.41297258538085E-04
    1.25976818181818E+04    6.51014004363557E-04
    1.24096567164179E+04    6.60749573776393E-04
    1.22271617647059E+04    6.70818662666459E-04
    1.20499565217391E+04    6.80703727624729E-04
    1.18778142857143E+04    6.89825978904821E-04
    1.17105211267606E+04    6.99737446748784E-04
    1.15478750000000E+04    7.09825636257688E-04
    1.13896849315069E+04    7.19519949751767E-04
    1.12357702702703E+04    7.28951541864215E-04
    1.10859600000000E+04    7.38652950123225E-04
    1.09400921052632E+04    7.48385802360546E-04
    1.07980129870130E+04    7.58395041698225E-04
    1.06595769230769E+04    7.67862633909920E-04
    1.05246455696203E+04    7.77270440668737E-04
    1.03930875000000E+04    7.87151013154021E-04
    1.02647777777778E+04    7.96814734468313E-04
    1.01395975609756E+04    8.06203161195013E-04
    1.00174337349398E+04    8.16403509348921E-04
    9.89817857142857E+03    8.26001830294186E-04
    9.78172941176471E+03    8.35873165040677E-04
    9.66798837209302E+03    8.44830760926869E-04
    9.55686206896552E+03    8.54734467851963E-04
    9.44826136363636E+03    8.64226992337627E-04
    9.34210112359550E+03    8.73950621582518E-04
    9.23830000000000E+03    8.83999372903764E-04
    9.13678021978022E+03    8.93501463239804E-04
    9.03746739130435E+03    9.03073937264600E-04
    8.94029032258064E+03    9.12238200717850E-04
    8.84518085106383E+03    9.22658719399803E-04
    8.75207368421053E+03    9.31989029211549E-04
    8.66090625000000E+03    9.41552650110182E-04
    8.57161855670103E+03    9.51279920047137E-04
    8.48415306122449E+03    9.60246372713976E-04
    8.39845454545455E+03    9.70151676415705E-04
    8.31447000000000E+03    9.80094900079896E-04
    8.23214851485149E+03    9.89080606068149E-04
    8.15144117647059E+03    9.99229129727025E-04
    8.07230097087379E+03    1.00901345709815E-03
    7.99468269230769E+03    1.01776141005589E-03
    7.91854285714286E+03    1.02737505591967E-03
    7.84383962264151E+03    1.03700025614382E-03
    7.77053271028037E+03    1.04713366236115E-03
    7.69858333333333E+03    1.05657134970633E-03
    7.62795412844037E+03    1.06604729430916E-03
    7.55860909090909E+03    1.07600053240830E-03
    7.49051351351351E+03    1.08563230674827E-03
    7.42363392857143E+03    1.09494677786476E-03
    7.35793805309734E+03    1.10438651029956E-03
    7.29339473684211E+03    1.11376228725650E-03
    7.22997391304348E+03    1.12373629547929E-03
    7.16764655172414E+03    1.13263257700839E-03
    7.10638461538462E+03    1.14248668207168E-03
    7.04616101694915E+03    1.15242414746346E-03
    6.98694957983193E+03    1.16100355602021E-03
    6.92872500000000E+03    1.17156560793798E-03
    6.87146280991736E+03    1.18025811494629E-03
    6.81513934426230E+03    1.19040297129567E-03
    6.75973170731707E+03    1.19903210380740E-03
    6.70521774193548E+03    1.20888890106620E-03
    6.65157600000000E+03    1.21879247994690E-03
    6.59878571428571E+03    1.22762436613000E-03
    6.54682677165354E+03    1.23723215413842E-03
    6.49567968750000E+03    1.24670523745082E-03
    6.44532558139535E+03    1.25625279261480E-03
    6.39574615384615E+03    1.26577474331970E-03
    6.34692366412214E+03    1.27592129296726E-03
    6.29884090909091E+03    1.28482705279400E-03
    6.25148120300752E+03    1.29451429914660E-03
    6.20482835820896E+03    1.30325467068105E-03
    6.15886666666667E+03    1.31368153122995E-03
    6.11358088235294E+03    1.32218929491786E-03
    6.06895620437956E+03    1.33284558519311E-03
    6.02497826086957E+03    1.34105022047385E-03
    5.98163309352518E+03    1.35099537711126E-03
    5.93890714285714E+03    1.36008312818650E-03
    5.89678723404255E+03    1.37004087525743E-03
    5.85526056338028E+03    1.37886547569863E-03
    5.81431468531469E+03    1.38847418100475E-03
    5.77393750000000E+03    1.39793494707746E-03
    5.73411724137931E+03    1.40723503967293E-03
    5.69484246575343E+03    1.41712125150340E-03
    5.65610204081633E+03    1.42712855252519E-03
    5.61788513513513E+03    1.43533552504083E-03
    5.58018120805369E+03    1.44586669957699E-03
    5.54298000000000E+03    1.45423276229602E-03
    5.50627152317881E+03    1.46349274984184E-03
    5.47004605263158E+03    1.47362401871384E-03
    5.43429411764706E+03    1.48257125360908E-03
    5.39900649350649E+03    1.49263660554650E-03
    5.36417419354839E+03    1.50168615804060E-03
    5.32978846153846E+03    1.51061324294933E-03
    5.29584076433121E+03    1.51983935767058E-03
    5.26232278481013E+03    1.52940625056393E-03
    5.22922641509434E+03    1.53955091846413E-03
    5.19654375000000E+03    1.54839822052318E-03
    5.16426708074534E+03    1.55731131457599E-03
    5.13238888888889E+03    1.56727155182385E-03
    5.10090184049080E+03    1.57676281662190E-03
    5.06979878048780E+03    1.58624993098104E-03
    5.03907272727273E+03    1.59500384275652E-03
    5.00871686746988E+03    1.60435385318589E-03
    4.97872455089820E+03    1.61407596922382E-03
    4.94908928571429E+03    1.62240009558576E-03
    4.91980473372781E+03    1.63205422031146E-03
    4.89086470588235E+03    1.64135047380357E-03
    4.86226315789474E+03    1.65168542096250E-03
    4.83399418604651E+03    1.66067638123581E-03
    4.80605202312139E+03    1.67058950332374E-03
    4.77843103448276E+03    1.67936203072247E-03
    4.75112571428571E+03    1.68779519633168E-03
    4.72413068181818E+03    1.69694198444641E-03
    4.69744067796610E+03    1.70674915836152E-03
    4.67105056179775E+03    1.71643410180319E-03
    4.64495530726257E+03    1.72545832741663E-03
    4.61915000000000E+03    1.73530620436359E-03
    4.59362983425414E+03    1.74332328126819E-03
    4.56839010989011E+03    1.75368352960158E-03
    4.54342622950820E+03    1.76284451639080E-03
    4.51873369565217E+03    1.77107347907649E-03
    4.49430810810811E+03    1.78094917046682E-03
    4.47014516129032E+03    1.79110711299042E-03
    4.44624064171123E+03    1.80045387336137E-03
    4.42259042553191E+03    1.80877132787891E-03
    4.39919047619048E+03    1.81893170794060E-03
    4.37603684210526E+03    1.82700171922726E-03
    4.35312565445026E+03    1.83633670482350E-03
    4.33045312500000E+03    1.84655839411587E-03
    4.30801554404145E+03    1.85495981650774E-03
    4.28580927835052E+03    1.86500157525146E-03
    4.26383076923077E+03    1.87391902378262E-03
    4.24207653061224E+03    1.88259898732016E-03
    4.22054314720812E+03    1.89255621197262E-03
    4.19922727272727E+03    1.90129191688082E-03
    4.17812562814070E+03    1.91048721914956E-03
    4.15723500000000E+03    1.91989407067175E-03
    4.13655223880597E+03    1.92949628571290E-03
    4.11607425742574E+03    1.93836517718030E-03
    4.09579802955665E+03    1.94677706894962E-03
    4.07572058823529E+03    1.95690851673401E-03
    4.05583902439024E+03    1.96511122168236E-03
    4.03615048543689E+03    1.97555671209830E-03
    4.01665217391304E+03    1.98392932987398E-03
    3.99734134615385E+03    1.99330424319951E-03
    3.97821531100478E+03    2.00119277060332E-03
    3.95927142857143E+03    2.01114071770749E-03
    3.94050710900474E+03    2.01948172516543E-03
    3.92191981132075E+03    2.03013633429506E-03
    3.90350704225352E+03    2.03846314394083E-03
    3.88526635514019E+03    2.04881500979296E-03
    3.86719534883721E+03    2.05657459242716E-03
    3.84929166666667E+03    2.06622564062500E-03
    3.83155299539170E+03    2.07456472897756E-03
    3.81397706422018E+03    2.08398471747208E-03
    3.79656164383562E+03    2.09252173223364E-03
    3.77930454545455E+03    2.10218933156127E-03
    3.76220361990950E+03    2.11119456112236E-03
    3.74525675675676E+03    2.12014238146343E-03
    3.72846188340807E+03    2.13070719706680E-03
    3.71181696428571E+03    2.13853481538281E-03
    3.69532000000000E+03    2.14806765570676E-03
    3.67896902654867E+03    2.15813679116696E-03
    3.66276211453745E+03    2.16717649438914E-03
    3.64669736842105E+03    2.17473598548865E-03
    3.63077292576419E+03    2.18466101278797E-03
    3.61498695652174E+03    2.19285342123427E-03
    3.59933766233766E+03    2.20212352117946E-03
    3.58382327586207E+03    2.21280095030442E-03
    3.56844206008584E+03    2.22095150728567E-03
    3.55319230769231E+03    2.23025524797540E-03
    3.53807234042553E+03    2.23810509442032E-03
    3.52308050847458E+03    2.24687980634230E-03
    3.50821518987342E+03    2.25653724002533E-03
    3.49347478991597E+03    2.26672080802099E-03
    3.47885774058577E+03    2.27605202596379E-03
    3.46436250000000E+03    2.28323218271584E-03
    3.44998755186722E+03    2.29272794745026E-03
    3.43573140495868E+03    2.30139021778115E-03
    3.42159259259259E+03    2.31221634518880E-03
    3.40756967213115E+03    2.32099718814692E-03
    3.39366122448980E+03    2.32822398168985E-03
    3.37986585365854E+03    2.33776065576282E-03
    3.36618218623482E+03    2.34666044558577E-03
    3.35260887096774E+03    2.35563629203323E-03
    3.33914457831325E+03    2.36603403392620E-03
    3.32578800000000E+03    2.37376034781360E-03
    3.31253784860558E+03    2.38213477880190E-03
    3.29939285714286E+03    2.39328535510559E-03
    3.28635177865613E+03    2.40002610012515E-03
    3.27341338582677E+03    2.40998005154710E-03
    3.26057647058824E+03    2.42030048148903E-03
    3.24783984375000E+03    2.42813259817006E-03
    3.23520233463035E+03    2.43622208427179E-03
    3.22266279069767E+03    2.44617260011970E-03
    3.21022007722008E+03    2.45612558922714E-03
    3.19787307692308E+03    2.46295890754607E-03
    3.18562068965517E+03    2.47295015365309E-03
    3.17346183206107E+03    2.48160653375778E-03
    3.16139543726236E+03    2.49083888659443E-03
    3.14942045454545E+03    2.50037716243013E-03
    3.13753584905660E+03    2.50778323533329E-03
    3.12574060150376E+03    2.51860334473432E-03
    3.11403370786517E+03    2.52654855901029E-03
    3.10241417910448E+03    2.53618093958798E-03
    3.09088104089219E+03    2.54423298311476E-03
    3.07943333333333E+03    2.55424155623814E-03
    3.06807011070111E+03    2.56124502764290E-03
    3.05679044117647E+03    2.57092289674169E-03
    3.04559340659341E+03    2.58126229966876E-03
    3.03447810218978E+03    2.58845735068909E-03
    3.02344363636364E+03    2.59696263311284E-03
    3.01248913043478E+03    2.60696909571332E-03
    3.00161371841155E+03    2.61576534172283E-03
    2.99081654676259E+03    2.62535627963366E-03
    2.98009677419355E+03    2.63460421817431E-03
    2.96945357142857E+03    2.64093306390694E-03
    2.95888612099644E+03    2.65169788936763E-03
    2.94839361702128E+03    2.66070860228734E-03
    2.93797526501767E+03    2.66782934412760E-03
    2.92763028169014E+03    2.67816742977081E-03
    2.91735789473684E+03    2.68523532419167E-03
    2.90715734265734E+03    2.69502748153103E-03
    2.89702787456446E+03    2.70322864783063E-03
    2.88696875000000E+03    2.71207295338935E-03
    2.87697923875433E+03    2.72064544066758E-03
    2.86705862068966E+03    2.73161760100888E-03
    2.85720618556701E+03    2.73931431137462E-03
    2.84742123287671E+03    2.74753326427492E-03
    2.83770307167236E+03    2.75780351037528E-03
    2.82805102040816E+03    2.76725859993704E-03
    2.81846440677966E+03    2.77571404386549E-03
    2.80894256756757E+03    2.78288518482672E-03
    2.79948484848485E+03    2.79347392441320E-03
    2.79009060402685E+03    2.80191767837477E-03
    2.78075919732441E+03    2.80939163747458E-03
    2.77149000000000E+03    2.81961387979480E-03
    2.76228239202658E+03    2.82831432725188E-03
    2.75313576158940E+03    2.83752411285468E-03
    2.74404950495050E+03    2.84648530041852E-03
    2.73502302631579E+03    2.85428504368849E-03
    2.72605573770492E+03    2.86408801308183E-03
    2.71714705882353E+03    2.87033689143953E-03
    2.70829641693811E+03    2.87967895787891E-03
    2.69950324675325E+03    2.88828659201057E-03
    2.69076699029126E+03    2.89732452113710E-03
    2.68208709677419E+03    2.90672116664395E-03
    2.67346302250804E+03    2.91667072091741E-03
    2.66489423076923E+03    2.92459425515318E-03
    2.65638019169329E+03    2.93317417881219E-03
    2.64792038216561E+03    2.94272733472078E-03
    2.63951428571429E+03    2.94939337359239E-03
    2.63116139240506E+03    2.95782482898499E-03
    2.62286119873817E+03    2.96900782602312E-03
    2.61461320754717E+03    2.97538498666012E-03
    2.60641692789969E+03    2.98544380852049E-03
    2.59827187500000E+03    2.99424623245692E-03
    2.59017757009346E+03    3.00125396086594E-03
    2.58213354037267E+03    3.00992898673617E-03
    2.57413931888545E+03    3.02108752920297E-03
    2.56619444444444E+03    3.02911407405964E-03
    2.55829846153846E+03    3.03619821761643E-03
    2.55045092024540E+03    3.04738328616533E-03
    2.54265137614679E+03    3.05578951316547E-03
    2.53489939024390E+03    3.06231948859951E-03
    2.52719452887538E+03    3.07371650580985E-03
    2.51953636363636E+03    3.08124712059268E-03
    2.51192447129909E+03    3.08855032827228E-03
    2.50435843373494E+03    3.09949320730208E-03
    2.49683783783784E+03    3.10804925347806E-03
    2.48936227544910E+03    3.11404503309120E-03
    2.48193134328358E+03    3.12268670648279E-03
    2.47454464285714E+03    3.13232012402361E-03
    2.46720178041543E+03    3.14189599526987E-03
    2.45990236686391E+03    3.14880674013322E-03
    2.45264601769911E+03    3.15992212965057E-03
    2.44543235294118E+03    3.16720522024338E-03
    2.43826099706745E+03    3.17719401349180E-03
    2.43113157894737E+03    3.18571999798193E-03
    2.42404373177843E+03    3.19240878748986E-03
    2.41699709302326E+03    3.20117869765164E-03
    2.40999130434783E+03    3.21070661213076E-03
    2.40302601156069E+03    3.21968048543358E-03
    2.39610086455331E+03    3.22667077943889E-03
    2.38921551724138E+03    3.23556952750083E-03
    2.38236962750716E+03    3.24556887171329E-03
    2.37556285714286E+03    3.25296501471571E-03
    2.36879487179487E+03    3.26261936025429E-03
    2.36206534090909E+03    3.27146859604071E-03
    2.35537393767705E+03    3.28080100168312E-03
    2.34872033898305E+03    3.28876376442293E-03
    2.34210422535211E+03    3.29722291513303E-03
    2.33552528089888E+03    3.30518697216991E-03
    2.32898319327731E+03    3.31218780275109E-03
    2.32247765363128E+03    3.32376719104624E-03
    2.31600835654596E+03    3.33225251129213E-03
    2.30957500000000E+03    3.33925724495706E-03
    2.30317728531856E+03    3.34934936341498E-03
    2.29681491712707E+03    3.35742314115716E-03
    2.29048760330578E+03    3.36547912402493E-03
    2.28419505494506E+03    3.37331145885499E-03
    2.27793698630137E+03    3.38212419318176E-03
    2.27171311475410E+03    3.38983390115161E-03
    2.26552316076294E+03    3.40000625404746E-03
    2.25936684782609E+03    3.40869185802328E-03
    2.25324390243902E+03    3.41671033138596E-03
    2.24715405405405E+03    3.42288539007052E-03
    2.24109703504043E+03    3.43285456110919E-03
    2.23507258064516E+03    3.43999730481916E-03
    2.22908042895442E+03    3.44979348453866E-03
    2.22312032085561E+03    3.45856450999602E-03
    2.21719200000000E+03    3.46704906999380E-03
    2.21129521276596E+03    3.47667267931008E-03
    2.20542970822281E+03    3.48533458060405E-03
    2.19959523809524E+03    3.49370920390542E-03
    2.19379155672823E+03    3.50118204049001E-03
    2.18801842105263E+03    3.50893314223947E-03
    2.18227559055118E+03    3.51650766261243E-03
    2.17656282722513E+03    3.52716836967257E-03
    2.17087989556136E+03    3.53483427189373E-03
    2.16522656250000E+03    3.54493195589428E-03
    2.15960259740260E+03    3.55046005646264E-03
    2.15400777202073E+03    3.56188887001188E-03
    2.14844186046512E+03    3.56788145773646E-03
    2.14290463917526E+03    3.57725695798285E-03
    2.13739588688946E+03    3.58696290175521E-03
    2.13191538461538E+03    3.59493970032341E-03
    2.12646291560102E+03    3.60112265332773E-03
    2.12103826530612E+03    3.61180537168127E-03
    2.11564122137405E+03    3.62043249674987E-03
    2.11027157360406E+03    3.62601666268739E-03
    2.10492911392405E+03    3.63675693246298E-03
    2.09961363636364E+03    3.64447009854989E-03
    2.09432493702771E+03    3.65260502354872E-03
    2.08906281407035E+03    3.65964510361598E-03
    2.08382706766917E+03    3.66884969444574E-03
    2.07861750000000E+03    3.67689668014225E-03
    2.07343391521197E+03    3.68807589680663E-03
    2.06827611940299E+03    3.69300632146533E-03
    2.06314392059553E+03    3.70389792954961E-03
    2.05803712871287E+03    3.71144677516139E-03
    2.05295555555556E+03    3.72108346586047E-03
    2.04789901477832E+03    3.72990302585201E-03
    2.04286732186732E+03    3.73799442841933E-03
    2.03786029411765E+03    3.74647176318598E-03
    2.03287775061125E+03    3.75459244560978E-03
    2.02791951219512E+03    3.76167145846217E-03
    2.02298540145985E+03    3.76999676264851E-03
    2.01807524271845E+03    3.77802596167750E-03
    2.01318886198547E+03    3.78514124842928E-03
    2.00832608695652E+03    3.79423491759182E-03
    2.00348674698795E+03    3.80534325870879E-03
    1.99867067307692E+03    3.81362810675147E-03
    1.99387769784173E+03    3.81912487243071E-03
    1.98910765550239E+03    3.82759324067479E-03
    1.98436038186157E+03    3.83739683607625E-03
    1.97963571428571E+03    3.84444022582532E-03
    1.97493349168646E+03    3.85401563274852E-03
    1.97025355450237E+03    3.86222359651239E-03
    1.96559574468085E+03    3.86982763397447E-03
    1.96095990566038E+03    3.87862154199771E-03
    1.95634588235294E+03    3.88629752874956E-03
    1.95175352112676E+03    3.89613322228485E-03
    1.94718266978923E+03    3.90220928628284E-03
    1.94263317757009E+03    3.91166275767233E-03
    1.93810489510490E+03    3.92073107429169E-03
    1.93359767441860E+03    3.92930001571929E-03
    1.92911136890951E+03    3.93481326002151E-03
    1.92464583333333E+03    3.94467847195264E-03
    1.92020092378753E+03    3.95257169611637E-03
    1.91577649769585E+03    3.95987538830784E-03
    1.91137241379310E+03    3.96795657814077E-03
    1.90698853211009E+03    3.97650442814542E-03
    1.90262471395881E+03    3.98671046664918E-03
    1.89828082191781E+03    3.99357267520217E-03
    1.89395671981777E+03    4.00367959147809E-03
    1.88965227272727E+03    4.00892347141788E-03
    1.88536734693878E+03    4.02038887706769E-03
    1.88110180995475E+03    4.02573926468013E-03
    1.87685553047404E+03    4.03551997002827E-03
    1.87262837837838E+03    4.04441891658210E-03
    1.86842022471910E+03    4.05226026825182E-03
    1.86423094170404E+03    4.05971858357727E-03
    1.86006040268456E+03    4.06887774139059E-03
    1.85590848214286E+03    4.07734729733863E-03
    1.85177505567929E+03    4.08618183661984E-03
    1.84766000000000E+03    4.09211042865365E-03
    1.84356319290466E+03    4.10001046103101E-03
    1.83948451327434E+03    4.10972855841853E-03
    1.83542384105960E+03    4.11851119287322E-03
    1.83138105726872E+03    4.12394100774462E-03
    1.82735604395604E+03    4.13471350060359E-03
    1.82334868421053E+03    4.13975499896979E-03
    1.81935886214442E+03    4.15017452287131E-03
    1.81538646288210E+03    4.15639392917446E-03
    1.81143137254902E+03    4.16455510556220E-03
    1.80749347826087E+03    4.17256157883222E-03
    1.80357266811280E+03    4.18186908132985E-03
    1.79966883116883E+03    4.18986875508983E-03
    1.79578185745140E+03    4.19758234951591E-03
    1.79191163793103E+03    4.20496945109684E-03
    1.78805806451613E+03    4.21300216123198E-03
    1.78422103004292E+03    4.22213281938853E-03
    1.78040042826552E+03    4.22925599691779E-03
    1.77659615384615E+03    4.23804571942323E-03
    1.77280810234542E+03    4.24678470732916E-03
    1.76903617021277E+03    4.25601834981917E-03
    1.76528025477707E+03    4.26540206448047E-03
    1.76154025423729E+03    4.26986153244179E-03
    1.75781606765328E+03    4.28019418262169E-03
    1.75410759493671E+03    4.28843841283501E-03
    1.75041473684211E+03    4.29651284880727E-03
    1.74673739495798E+03    4.30240489304068E-03
    1.74307547169811E+03    4.31261281387557E-03
    1.73942887029289E+03    4.32097599853135E-03
    1.73579749478079E+03    4.32749250335862E-03
    1.73218125000000E+03    4.33723487263426E-03
    1.72858004158004E+03    4.34284820907247E-03
    1.72499377593361E+03    4.35365836545461E-03
    1.72142236024845E+03    4.36199626788627E-03
    1.71786570247934E+03    4.36968410834190E-03
    1.71432371134021E+03    4.37470465019560E-03
    1.71079629629630E+03    4.38526699415944E-03
    1.70728336755647E+03    4.39352474139718E-03
    1.70378483606557E+03    4.40046272680456E-03
    1.70030061349693E+03    4.41053116813034E-03
    1.69683061224490E+03    4.41589618976008E-03
    1.69337474541752E+03    4.42610820894786E-03
    1.68993292682927E+03    4.43410138335485E-03
    1.68650507099391E+03    4.44188163945643E-03
    1.68309109311741E+03    4.45005463572776E-03
    1.67969090909091E+03    4.45559404038202E-03
    1.67630443548387E+03    4.46685693715581E-03
    1.67293158953722E+03    4.47224371623716E-03
    1.66957228915663E+03    4.47903150755994E-03
    1.66622645290581E+03    4.48844617087991E-03
    1.66289400000000E+03    4.49723262781599E-03
    1.65957485029940E+03    4.50513655865165E-03
    1.65626892430279E+03    4.51209056533891E-03
    1.65297614314115E+03    4.52113775596506E-03
    1.64969642857143E+03    4.53029037682977E-03
    1.64642970297030E+03    4.53765155189651E-03
    1.64317588932806E+03    4.54470037158505E-03
    1.63993491124260E+03    4.55458833918876E-03
    1.63670669291339E+03    4.56106406446735E-03
    1.63349115913556E+03    4.56848695925308E-03
    1.63028823529412E+03    4.57582877137434E-03
    1.62709784735812E+03    4.58464845539497E-03
    1.62391992187500E+03    4.59325445530799E-03
    1.62075438596491E+03    4.59971597040042E-03
    1.61760116731518E+03    4.60947215206758E-03
    1.61446019417476E+03    4.61426445135999E-03
    1.61133139534884E+03    4.62259523972025E-03
    1.60821470019342E+03    4.63201844399889E-03
    1.60511003861004E+03    4.63830188935236E-03
    1.60201734104046E+03    4.64807899698332E-03
    1.59893653846154E+03    4.65548022424815E-03
    1.59586756238004E+03    4.66527337181454E-03
    1.59281034482759E+03    4.67319671193830E-03
    1.58976481835564E+03    4.68021941534011E-03
    1.58673091603053E+03    4.68879112123946E-03
    1.58370857142857E+03    4.69567371691391E-03
    1.58069771863118E+03    4.70483761698941E-03
    1.57769829222011E+03    4.71200446973477E-03
    1.57471022727273E+03    4.71957856673225E-03
    1.57173345935728E+03    4.72925433660856E-03
    1.56876792452830E+03    4.73308184851318E-03
    1.56581355932203E+03    4.74030676682923E-03
    1.56287030075188E+03    4.74952862279108E-03
    1.55993808630394E+03    4.76020821894440E-03
    1.55701685393258E+03    4.76470245468557E-03
    1.55410654205607E+03    4.77507719120039E-03
    1.55120708955224E+03    4.77984096866465E-03
    1.54831843575419E+03    4.78986119707316E-03
    1.54544052044610E+03    4.79907372570959E-03
    1.54257328385900E+03    4.80656333318657E-03
    1.53971666666667E+03    4.81319505700822E-03
    1.53687060998152E+03    4.82207618109958E-03
    1.53403505535055E+03    4.82862848918448E-03
    1.53120994475138E+03    4.83477140511056E-03
    1.52839522058824E+03    4.84530952539467E-03
    1.52559082568807E+03    4.85034904278635E-03
    1.52279670329670E+03    4.86211980495597E-03
    1.52001279707495E+03    4.86564582593645E-03
    1.51723905109489E+03    4.87593693038785E-03
    1.51447540983607E+03    4.88512761716493E-03
    1.51172181818182E+03    4.89028789401386E-03
    1.50897822141561E+03    4.89926225814405E-03
    1.50624456521739E+03    4.90763786426698E-03
    1.50352079566004E+03    4.91288201140947E-03
    1.50080685920578E+03    4.92083221124171E-03
    1.49810270270270E+03    4.92811188837228E-03
    1.49540827338129E+03    4.93564263815223E-03
    1.49272351885099E+03    4.94731806363717E-03
    1.49004838709677E+03    4.95465690784201E-03
    1.48738282647585E+03    4.96187085587405E-03
    1.48472678571429E+03    4.97108142534280E-03
    1.48208021390374E+03    4.97795850745186E-03
    1.47944306049822E+03    4.98501825062300E-03
    1.47681527531083E+03    4.99062000609965E-03
    1.47419680851064E+03    4.99896734362951E-03
    1.47158761061947E+03    5.00600377722684E-03
    1.46898763250883E+03    5.01573580957589E-03
    1.46639682539683E+03    5.02482842673095E-03
    1.46381514084507E+03    5.03194903079871E-03
    1.46124253075571E+03    5.03655874519643E-03
    1.45867894736842E+03    5.04485563611751E-03
    1.45612434325744E+03    5.05198645668524E-03
    1.45357867132867E+03    5.06413423200394E-03
    1.45104188481675E+03    5.06899269486170E-03
    1.44851393728223E+03    5.07517383960158E-03
    1.44599478260870E+03    5.08709472124909E-03
    1.44348437500000E+03    5.09413482540211E-03
    1.44098266897747E+03    5.09987957404665E-03
    1.43848961937716E+03    5.10816702178499E-03
    1.43600518134715E+03    5.11391018810256E-03
    1.43352931034483E+03    5.12328829255524E-03
    1.43106196213425E+03    5.13043712303807E-03
    1.42860309278351E+03    5.14092645452036E-03
    1.42615265866209E+03    5.14419973703709E-03
    1.42371061643836E+03    5.15476830939882E-03
    1.42127692307692E+03    5.16056596551078E-03
    1.41885153583618E+03    5.16932516073577E-03
    1.41643441226576E+03    5.17586126021932E-03
    1.41402551020408E+03    5.18272772170486E-03
    1.41162478777589E+03    5.19345632457065E-03
    1.40923220338983E+03    5.19761412534556E-03
    1.40684771573604E+03    5.20853549011607E-03
    1.40447128378378E+03    5.21450067420396E-03
    1.40210286677909E+03    5.22305928884882E-03
    1.39974242424242E+03    5.22966332526571E-03
    1.39738991596639E+03    5.23745712507985E-03
    1.39504530201342E+03    5.24380317364355E-03
    1.39270854271357E+03    5.25279123990245E-03
    1.39037959866221E+03    5.26131136124777E-03
    1.38805843071786E+03    5.26651430174863E-03
    1.38574500000000E+03    5.27430578586370E-03
    1.38343926788686E+03    5.28165713153115E-03
    1.38114119601329E+03    5.29310191183332E-03
    1.37885074626866E+03    5.29961389069555E-03
    1.37656788079470E+03    5.30596446397474E-03
    1.37429256198347E+03    5.31323196031526E-03
    1.37202475247525E+03    5.32272445192043E-03
    1.36976441515651E+03    5.32911446954339E-03
    1.36751151315789E+03    5.33703177682252E-03
    1.36526600985222E+03    5.34524542716242E-03
    1.36302786885246E+03    5.35130131052304E-03
    1.36079705400982E+03    5.36074070217592E-03
    1.35857352941176E+03    5.36491806729916E-03
    1.35635725938010E+03    5.37169683320666E-03
    1.35414820846906E+03    5.38071754780957E-03
    1.35194634146341E+03    5.38842839322715E-03
    1.34975162337662E+03    5.39591923766778E-03
    1.34756401944895E+03    5.40591649632685E-03
    1.34538349514563E+03    5.41326818682655E-03
    1.34321001615509E+03    5.41754713884762E-03
    1.34104354838710E+03    5.42501037109251E-03
    1.33888405797101E+03    5.43507623667647E-03
    1.33673151125402E+03    5.43981187803246E-03
    1.33458587479936E+03    5.45049959301789E-03
    1.33244711538462E+03    5.45840403274990E-03
    1.33031520000000E+03    5.46188399866214E-03
    1.32819009584665E+03    5.46937080541073E-03
    1.32607177033493E+03    5.47635748154778E-03
    1.32396019108280E+03    5.48374526419036E-03
    1.32185532591415E+03    5.49508594943020E-03
    1.31975714285714E+03    5.50158470377142E-03
    1.31766561014263E+03    5.50944890642972E-03
    1.31558069620253E+03    5.51627794219917E-03
    1.31350236966825E+03    5.52118233891849E-03
    1.31143059936909E+03    5.52987444422928E-03
    1.30936535433071E+03    5.54043273416568E-03
    1.30730660377359E+03    5.54397540611526E-03
    1.30525431711146E+03    5.55265644768918E-03
    1.30320846394984E+03    5.56312252865114E-03
    1.30116901408451E+03    5.57017135313248E-03
    1.29913593750000E+03    5.57574624446977E-03
    1.29710920436817E+03    5.58230957794124E-03
    1.29508878504673E+03    5.59278065131693E-03
    1.29307465007776E+03    5.59699195446573E-03
    1.29106677018634E+03    5.60312627505035E-03
    1.28906511627907E+03    5.61257611032609E-03
    1.28706965944272E+03    5.61983076490874E-03
    1.28508037094281E+03    5.62576656684724E-03
    1.28309722222222E+03    5.63404513298527E-03
    1.28112018489985E+03    5.64322422562933E-03
    1.27914923076923E+03    5.65184279357967E-03
    1.27718433179724E+03    5.65913614232635E-03
    1.27522546012270E+03    5.66204637300345E-03
    1.27327258805513E+03    5.67193384051623E-03
    1.27132568807339E+03    5.68193895718649E-03
    1.26938473282443E+03    5.68951198918767E-03
    1.26744969512195E+03    5.69134473749876E-03
    1.26552054794521E+03    5.70033547618302E-03
    1.26359726443769E+03    5.70674736697860E-03
    1.26167981790592E+03    5.71541391906546E-03
    1.25976818181818E+03    5.72124969556550E-03
    1.25786232980333E+03    5.72810563517402E-03
    1.25596223564955E+03    5.74036784675429E-03
    1.25406787330317E+03    5.74589506572805E-03
    1.25217921686747E+03    5.75513040928832E-03
    1.25029624060150E+03    5.76303438307837E-03
    1.24841891891892E+03    5.76699500652796E-03
    1.24654722638681E+03    5.77553077302310E-03
    1.24468113772455E+03    5.78134488404675E-03
    1.24282062780269E+03    5.79038637269396E-03
    1.24096567164179E+03    5.79630896349538E-03
    1.23911624441133E+03    5.80520280276972E-03
    1.23727232142857E+03    5.81093986960086E-03
    1.23543387815750E+03    5.81581402424005E-03
    1.23360089020772E+03    5.82717029114277E-03
    1.23177333333333E+03    5.83447315942895E-03
    1.22995118343195E+03    5.83803020284914E-03
    1.22813441654357E+03    5.84603773192811E-03
    1.22632300884956E+03    5.85378726750042E-03
    1.22451693667158E+03    5.86275629724192E-03
    1.22271617647059E+03    5.86780798513455E-03
    1.22092070484582E+03    5.87507816700390E-03
    1.21913049853372E+03    5.88385652713177E-03
    1.21734553440703E+03    5.88970696913350E-03
    1.21556578947368E+03    5.90093889068014E-03
    1.21379124087591E+03    5.90480031674835E-03
    1.21202186588921E+03    5.91412364225524E-03
    1.21025764192140E+03    5.92064655763075E-03
    1.20849854651163E+03    5.92585732658596E-03
    1.20674455732946E+03    5.93269084202637E-03
    1.20499565217391E+03    5.94454811488127E-03
    1.20325180897250E+03    5.94730966705826E-03
    1.20151300578035E+03    5.95358123206279E-03
    1.19977922077922E+03    5.96257628294971E-03
    1.19805043227666E+03    5.96818184167468E-03
    1.19632661870504E+03    5.97931058624615E-03
    1.19460775862069E+03    5.98565014268182E-03
    1.19289383070301E+03    5.99059608981099E-03
    1.19118481375358E+03    5.99787935023974E-03
    1.18948068669528E+03    6.00679146985518E-03
    1.18778142857143E+03    6.01392182918816E-03
    1.18608701854494E+03    6.02198442948405E-03
    1.18439743589744E+03    6.02927637479810E-03
    1.18271266002845E+03    6.03282505466400E-03
    1.18103267045455E+03    6.04487360968979E-03
    1.17935744680851E+03    6.05111269496739E-03
    1.17768696883853E+03    6.05512032742423E-03
    1.17602121640736E+03    6.06395751419176E-03
    1.17436016949153E+03    6.07251639231840E-03
    1.17270380818054E+03    6.07688098882118E-03
    1.17105211267606E+03    6.08669091450998E-03
    1.16940506329114E+03    6.09246559361124E-03
    1.16776264044944E+03    6.10143982467595E-03
    1.16612482468443E+03    6.10921656781947E-03
    1.16449159663866E+03    6.11574288229375E-03
    1.16286293706294E+03    6.12006891583700E-03
    1.16123882681564E+03    6.13061523642387E-03
    1.15961924686192E+03    6.13858949578411E-03
    1.15800417827298E+03    6.14042247522068E-03
    1.15639360222531E+03    6.14853353937257E-03
    1.15478750000000E+03    6.15799638360297E-03
    1.15318585298197E+03    6.16279722298651E-03
    1.15158864265928E+03    6.17246525610728E-03
    1.14999585062241E+03    6.17777179997205E-03
    1.14840745856354E+03    6.18262943617078E-03
    1.14682344827586E+03    6.19090009132407E-03
    1.14524380165289E+03    6.19854400806525E-03
    1.14366850068776E+03    6.20446668867844E-03
    1.14209752747253E+03    6.21624559470776E-03
    1.14053086419753E+03    6.22050762800434E-03
    1.13896849315068E+03    6.22718350121047E-03
    1.13741039671683E+03    6.23200469146355E-03
    1.13585655737705E+03    6.24041021141972E-03
    1.13430695770805E+03    6.24862336394787E-03
    1.13276158038147E+03    6.25479343215611E-03
    1.13122040816327E+03    6.26524706097836E-03
    1.12968342391304E+03    6.26719070513134E-03
    1.12815061058345E+03    6.27426618095884E-03
    1.12662195121951E+03    6.28701102503733E-03
    1.12509742895805E+03    6.29046696281257E-03
    1.12357702702703E+03    6.29881422294993E-03
    1.12206072874494E+03    6.30633457336655E-03
    1.12054851752022E+03    6.31080608179311E-03
    1.11904037685061E+03    6.31825600718154E-03
    1.11753629032258E+03    6.32494223397049E-03
    1.11603624161074E+03    6.33501663732831E-03
    1.11454021447721E+03    6.34249307754259E-03
    1.11304819277108E+03    6.34481054502365E-03
    1.11156016042781E+03    6.35593189136315E-03
    1.11007610146862E+03    6.36270870569393E-03
    1.10859600000000E+03    6.37074369923166E-03
    1.10711984021305E+03    6.37693068911122E-03
    1.10564760638298E+03    6.38112786777266E-03
    1.10417928286853E+03    6.38938692514585E-03
    1.10271485411141E+03    6.39688425101656E-03
    1.10125430463576E+03    6.40317984612585E-03
    1.09979761904762E+03    6.41199524936146E-03
    1.09834478203435E+03    6.41382552752869E-03
    1.09689577836412E+03    6.42153870777580E-03
    1.09545059288538E+03    6.42793849098145E-03
    1.09400921052632E+03    6.43987563148772E-03
    1.09257161629435E+03    6.44241569935140E-03
    1.09113779527559E+03    6.45107426441451E-03
    1.08970773263434E+03    6.45906640087406E-03
    1.08828141361257E+03    6.46830720487250E-03
    1.08685882352941E+03    6.47455365776914E-03
    1.08543994778068E+03    6.47672965566381E-03
    1.08402477183833E+03    6.48862222027546E-03
    1.08261328125000E+03    6.49438437321408E-03
    1.08120546163849E+03    6.50153966159721E-03
    1.07980129870130E+03    6.50538526655984E-03
    1.07840077821012E+03    6.51422530610920E-03
    1.07700388601036E+03    6.52146179241421E-03
    1.07561060802070E+03    6.52718419316564E-03
    1.07422093023256E+03    6.53615059014057E-03
    1.07283483870968E+03    6.54167320111254E-03
    1.07145231958763E+03    6.54605663040943E-03
    1.07007335907336E+03    6.55519085793141E-03
    1.06869794344473E+03    6.55951073433133E-03
    1.06732605905006E+03    6.56718218046194E-03
    1.06595769230769E+03    6.57464274306215E-03
    1.06459282970551E+03    6.58511667589437E-03
    1.06323145780051E+03    6.59235849766588E-03
    1.06187356321839E+03    6.59735329483044E-03
    1.06051913265306E+03    6.60590545969426E-03
    1.05916815286624E+03    6.61285685726455E-03
    1.05782061068702E+03    6.61982391589384E-03
    1.05647649301144E+03    6.62647942787661E-03
    1.05513578680203E+03    6.62904045714862E-03
    1.05379847908745E+03    6.63505687345413E-03
    1.05246455696203E+03    6.64402921712952E-03
    1.05113400758533E+03    6.64963463377613E-03
    1.04980681818182E+03    6.65505613832646E-03
    1.04848297604035E+03    6.66141787675569E-03
    1.04716246851385E+03    6.67143361940541E-03
    1.04584528301887E+03    6.67561053763131E-03
    1.04453140703518E+03    6.68382351783850E-03
    1.04322082810540E+03    6.68987384188856E-03
    1.04191353383459E+03    6.69595398645004E-03
    1.04060951188986E+03    6.70486573031625E-03
    1.03930875000000E+03    6.71007491852451E-03
    1.03801123595506E+03    6.71642229293397E-03
    1.03671695760599E+03    6.72593552894904E-03
    1.03542590286426E+03    6.73523358642443E-03
    1.03413805970149E+03    6.73687304000832E-03
    1.03285341614907E+03    6.74570482323541E-03
    1.03157196029777E+03    6.75111607412169E-03
    1.03029368029740E+03    6.76128760331229E-03
    1.02901856435644E+03    6.76593538924605E-03
    1.02774660074166E+03    6.77368411948277E-03
    1.02647777777778E+03    6.77896258672328E-03
    1.02521208384710E+03    6.78927003743807E-03
    1.02394950738916E+03    6.79591320185678E-03
    1.02269003690037E+03    6.79722185215639E-03
    1.02143366093366E+03    6.80451357482622E-03
    1.02018036809816E+03    6.81615966076087E-03
    1.01893014705882E+03    6.82283515587281E-03
    1.01768298653611E+03    6.82610651103051E-03
    1.01643887530562E+03    6.83305490772740E-03
    1.01519780219780E+03    6.84166609868150E-03
    1.01395975609756E+03    6.84986277262244E-03
    1.01272472594397E+03    6.85098895710407E-03
    1.01149270072993E+03    6.86111612762155E-03
    1.01026366950182E+03    6.86742239576904E-03
    1.00903762135922E+03    6.87437184941743E-03
    1.00781454545455E+03    6.87915868719038E-03
    1.00659443099274E+03    6.88867489882222E-03
    1.00537726723096E+03    6.89411299180576E-03
    1.00416304347826E+03    6.90176378305394E-03
    1.00295174909530E+03    6.91031933361827E-03
    1.00174337349398E+03    6.91172807371385E-03
    1.00053790613718E+03    6.92166901943974E-03
    9.99335336538461E+02    6.92977172872948E-03
    9.98135654261705E+02    6.93611434166272E-03
    9.96938848920863E+02    6.93844642648686E-03
    9.95744910179641E+02    6.94988584637731E-03
    9.94553827751196E+02    6.95687140390552E-03
    9.93365591397849E+02    6.96205149315315E-03
    9.92180190930787E+02    6.96361427635492E-03
    9.90997616209773E+02    6.97238330976891E-03
    9.89817857142857E+02    6.98133101930882E-03
    9.88640903686088E+02    6.98437629031301E-03
    9.87466745843230E+02    6.99365392726596E-03
    9.86295373665480E+02    7.00149687784030E-03
    9.85126777251185E+02    7.00872912732820E-03
    9.83960946745562E+02    7.01384143978484E-03
    9.82797872340425E+02    7.01906559341229E-03
    9.81637544273908E+02    7.02377633368483E-03
    9.80479952830189E+02    7.03236117051201E-03
    9.79325088339222E+02    7.03815793558642E-03
    9.78172941176471E+02    7.04440925108690E-03
    9.77023501762632E+02    7.05450958299529E-03
    9.75876760563380E+02    7.06152515342808E-03
    9.74732708089097E+02    7.06534942988051E-03
    9.73591334894614E+02    7.06928668414065E-03
    9.72452631578947E+02    7.07730106128326E-03
    9.71316588785047E+02    7.08620225482847E-03
    9.70183197199533E+02    7.08926671927252E-03
    9.69052447552448E+02    7.09909168065210E-03
    9.67924330616997E+02    7.10504509909655E-03
    9.66798837209302E+02    7.10920144708771E-03
    9.65675958188153E+02    7.11480092553365E-03
    9.64555684454756E+02    7.12184411995313E-03
    9.63438006952491E+02    7.12998767453382E-03
    9.62322916666667E+02    7.13950908256669E-03
    9.61210404624277E+02    7.14792199332971E-03
    9.60100461893764E+02    7.15235938612559E-03
    9.58993079584775E+02    7.15740224777013E-03
    9.57888248847926E+02    7.16226041435202E-03
    9.56785960874568E+02    7.16841852091593E-03
    9.55686206896552E+02    7.17428999715045E-03
    9.54588978185993E+02    7.18155362900859E-03
    9.53494266055046E+02    7.19286406030654E-03
    9.52402061855670E+02    7.19456057318350E-03
    9.51312356979405E+02    7.20312117348504E-03
    9.50225142857143E+02    7.21207736063251E-03
    9.49140410958904E+02    7.21518702895096E-03
    9.48058152793615E+02    7.22187250137804E-03
    9.46978359908884E+02    7.22846710563445E-03
    9.45901023890785E+02    7.23618146803633E-03
    9.44826136363636E+02    7.24102961425923E-03
    9.43753688989784E+02    7.24922158310780E-03
    9.42683673469388E+02    7.25715035040048E-03
    9.41616081540204E+02    7.25857245486733E-03
    9.40550904977376E+02    7.27122231253989E-03
    9.39488135593220E+02    7.27504810997505E-03
    9.38427765237020E+02    7.28375841933670E-03
    9.37369785794814E+02    7.28742290720002E-03
    9.36314189189189E+02    7.29644702631341E-03
    9.35260967379078E+02    7.29933656079060E-03
    9.34210112359551E+02    7.30383268475001E-03
    9.33161616161616E+02    7.30990281594028E-03
    9.32115470852018E+02    7.31993514369758E-03
    9.31071668533035E+02    7.32403113351052E-03
    9.30030201342282E+02    7.33221456960491E-03
    9.28991061452514E+02    7.33464186317849E-03
    9.27954241071429E+02    7.34456715103473E-03
    9.26919732441472E+02    7.35018778834117E-03
    9.25887527839644E+02    7.35964659366935E-03
    9.24857619577308E+02    7.36565579366948E-03
    9.23830000000000E+02    7.37204816909701E-03
    9.22804661487236E+02    7.37716626701812E-03
    9.21781596452328E+02    7.38021926055053E-03
    9.20760797342193E+02    7.38642635238139E-03
    9.19742256637168E+02    7.39272894106527E-03
    9.18725966850829E+02    7.40104361650558E-03
    9.17711920529801E+02    7.40691104119980E-03
    9.16700110253583E+02    7.41358673089141E-03
    9.15690528634361E+02    7.42157746264461E-03
    9.14683168316832E+02    7.42548117778006E-03
    9.13678021978022E+02    7.43500079199252E-03
    9.12675082327113E+02    7.44297748458617E-03
    9.11674342105263E+02    7.44582533278739E-03
    9.10675794085433E+02    7.45437563936560E-03
    9.09679431072210E+02    7.46034054231908E-03
    9.08685245901639E+02    7.46312546234796E-03
    9.07693231441048E+02    7.46871964392818E-03
    9.06703380588877E+02    7.47874531710855E-03
    9.05715686274510E+02    7.48778632781949E-03
    9.04730141458107E+02    7.48985265871119E-03
    9.03746739130435E+02    7.49490188642488E-03
    9.02765472312704E+02    7.50453890946058E-03
    9.01786334056399E+02    7.50752574788569E-03
    9.00809317443120E+02    7.51420468441057E-03
    8.99834415584416E+02    7.52510690128135E-03
    8.98861621621622E+02    7.52502637635004E-03
    8.97890928725702E+02    7.53090035158250E-03
    8.96922330097087E+02    7.53958638123439E-03
    8.95955818965517E+02    7.54535735463084E-03
    8.94991388589882E+02    7.55001318804647E-03
    8.94029032258065E+02    7.56267234012023E-03
    8.93068743286788E+02    7.56700650599363E-03
    8.92110515021459E+02    7.57354756487954E-03
    8.91154340836013E+02    7.57678327217230E-03
    8.90200214132762E+02    7.58143011937628E-03
    8.89248128342246E+02    7.58966192627118E-03
    8.88298076923077E+02    7.59760103765923E-03
    8.87350053361793E+02    7.60317738717193E-03
    8.86404051172708E+02    7.60947892735395E-03
    8.85460063897764E+02    7.61634840565306E-03
    8.84518085106383E+02    7.62321093495444E-03
    8.83578108395324E+02    7.62475750706951E-03
    8.82640127388535E+02    7.63437196705520E-03
    8.81704135737010E+02    7.63992826607895E-03
    8.80770127118644E+02    7.64839648714794E-03
    8.79838095238095E+02    7.65245361239658E-03
    8.78908033826639E+02    7.65790686509543E-03
    8.77979936642027E+02    7.66796866674158E-03
    8.77053797468354E+02    7.67344997238807E-03
    8.76129610115911E+02    7.67701029088406E-03
    8.75207368421053E+02    7.68317264417700E-03
    8.74287066246057E+02    7.69116362402061E-03
    8.73368697478992E+02    7.69539118309526E-03
    8.72452256033578E+02    7.69957249824242E-03
    8.71537735849057E+02    7.71186336405363E-03
    8.70625130890052E+02    7.71235905010633E-03
    8.69714435146444E+02    7.72008064397399E-03
    8.68805642633229E+02    7.72705050269354E-03
    8.67898747390397E+02    7.73094788604578E-03
    8.66993743482795E+02    7.73759442005949E-03
    8.66090625000000E+02    7.74443963694958E-03
    8.65189386056192E+02    7.75066506409692E-03
    8.64290020790021E+02    7.75581404153566E-03
    8.63392523364486E+02    7.76025694564157E-03
    8.62496887966805E+02    7.76733566479984E-03
    8.61603108808290E+02    7.77831613496087E-03
    8.60711180124224E+02    7.78083171148231E-03
    8.59821096173733E+02    7.78542483451079E-03
    8.58932851239669E+02    7.79827005469656E-03
    8.58046439628483E+02    7.79677898954751E-03
    8.57161855670103E+02    7.80944448066955E-03
    8.56279093717817E+02    7.81210476397890E-03
    8.55398148148148E+02    7.81727737308825E-03
    8.54519013360740E+02    7.82761827273436E-03
    8.53641683778234E+02    7.82769800130827E-03
    8.52766153846154E+02    7.83799110366373E-03
    8.51892418032787E+02    7.84655716252426E-03
    8.51020470829069E+02    7.85113313888101E-03
    8.50150306748466E+02    7.85683810169758E-03
    8.49281920326864E+02    7.86538561638474E-03
    8.48415306122449E+02    7.87036930887147E-03
    8.47550458715596E+02    7.87265626851220E-03
    8.46687372708758E+02    7.87788806698812E-03
    8.45826042726348E+02    7.88897550079649E-03
    8.44966463414634E+02    7.89160012668562E-03
    8.44108629441624E+02    7.90074119788647E-03
    8.43252535496957E+02    7.90149637690063E-03
    8.42398176291793E+02    7.91022720974315E-03
    8.41545546558704E+02    7.91667825452133E-03
    8.40694641051567E+02    7.92376398966654E-03
    8.39845454545455E+02    7.93013988154237E-03
    8.38997981836529E+02    7.93768950290793E-03
    8.38152217741935E+02    7.94366140436936E-03
    8.37308157099698E+02    7.94375964464229E-03
    8.36465794768612E+02    7.95096174616065E-03
    8.35625125628141E+02    7.95754227140980E-03
    8.34786144578313E+02    7.96248938851875E-03
    8.33948846539619E+02    7.96687356960764E-03
    8.33113226452906E+02    7.97434455238392E-03
    8.32279279279279E+02    7.98059194231585E-03
    8.31447000000000E+02    7.99134154130602E-03
